3347978679
3522157733
3760556746
794730456
2428036014
3163988002
3163988012
2181929214
2181925336
2188713514
3806332479
3906883026
3906884859
2291951252
2188713523
2350299051
3281516938
3329700997
3329812708
3332184806
3358875234
3391025942
3409817734
3423698401
3442585499
3514087345
3515269612
3522162709
3774945792
3795732668
3806332485
3873808040
3888377906
3904909389
3912591678
3999381024
4064514871
4091676885
4118699303
4144017849
1883150681
2186651304
2369372993
2374917763
2374944821
2383613869
2392348624
2538380114
2538387813
2546657271